t1 = [1 0 -3; 0 1 -3; 0 0 1]

t1 =

     1     0    -3
     0     1    -3
     0     0     1

a = 5*pi/180

a =

    0.0873

r = [cos(a) -sin(a) 0; sin(a) cos(a) 0; 0 0 1]

r =

    0.9962   -0.0872         0
    0.0872    0.9962         0
         0         0    1.0000

t2 = inv(t1)

t2 =

     1     0     3
     0     1     3
     0     0     1

tt = t2*r*t1

tt =

    0.9962   -0.0872    0.2729
    0.0872    0.9962   -0.2501
         0         0    1.0000

x = [1;1;1]

x =

     1
     1
     1

z = zeros(3,72)

z =

  Columns 1 through 18

     0     0     0     0     0     0     0     0     0     0     0     0     0     0     0     0     0     0
     0     0     0     0     0     0     0     0     0     0     0     0     0     0     0     0     0     0
     0     0     0     0     0     0     0     0     0     0     0     0     0     0     0     0     0     0

  Columns 19 through 36

     0     0     0     0     0     0     0     0     0     0     0     0     0     0     0     0     0     0
     0     0     0     0     0     0     0     0     0     0     0     0     0     0     0     0     0     0
     0     0     0     0     0     0     0     0     0     0     0     0     0     0     0     0     0     0

  Columns 37 through 54

     0     0     0     0     0     0     0     0     0     0     0     0     0     0     0     0     0     0
     0     0     0     0     0     0     0     0     0     0     0     0     0     0     0     0     0     0
     0     0     0     0     0     0     0     0     0     0     0     0     0     0     0     0     0     0

  Columns 55 through 72

     0     0     0     0     0     0     0     0     0     0     0     0     0     0     0     0     0     0
     0     0     0     0     0     0     0     0     0     0     0     0     0     0     0     0     0     0
     0     0     0     0     0     0     0     0     0     0     0     0     0     0     0     0     0     0

z(:,1)=x;for k=1:71,z(:,k+1) = tt*z(:,k);end
plot(z(1,:),z(2,:),'+')
clc
